0000000
0000001
0000101
0000100
0010100
0010101
0010001
0010000
1010000
1010001
1010101
1010100
1000100
1000101
1000001
1000000
0000010
0000011
0000111
0000110
0010110
0010111
0010011
0010010
1010010
1010011
1010111
1010110
1000110
1000111
1000011
1000010
0001010
0001011
0001111
0001110
0011110
0011111
0011011
0011010
1011010
1011011
1011111
1011110
1001110
1001111
1001011
1001010
0001000
0001001
0001101
0001100
0011100
0011101
0011001
0011000
1011000
1011001
1011101
1011100
1001100
1001101
1001001
1001000
0101000
0101001
0101101
0101100
0111100
0111101
0111001
0111000
1111000
1111001
1111101
1111100
1101100
1101101
1101001
1101000
0101010
0101011
0101111
0101110
0111110
0111111
0111011
0111010
1111010
1111011
1111111
1111110
1101110
1101111
1101011
1101010
0100010
0100011
0100111
0100110
0110110
0110111
0110011
0110010
1110010
1110011
1110111
1110110
1100110
1100111
1100011
1100010
0100000
0100001
0100101
0100100
0110100
0110101
0110001
0110000
1110000
1110001
1110101
1110100
1100100
1100101
1100001
1100000