000000
000010
001010
001000
101000
101010
100010
100000
000001
000011
001011
001001
101001
101011
100011
100001
000101
000111
001111
001101
101101
101111
100111
100101
000100
000110
001110
001100
101100
101110
100110
100100
010100
010110
011110
011100
111100
111110
110110
110100
010101
010111
011111
011101
111101
111111
110111
110101
010001
010011
011011
011001
111001
111011
110011
110001
010000
010010
011010
011000
111000
111010
110010
110000