000000000
000000001
000000101
000000100
000010100
000010101
000010001
000010000
001010000
001010001
001010101
001010100
001000100
001000101
001000001
001000000
101000000
101000001
101000101
101000100
101010100
101010101
101010001
101010000
100010000
100010001
100010101
100010100
100000100
100000101
100000001
100000000
000000010
000000011
000000111
000000110
000010110
000010111
000010011
000010010
001010010
001010011
001010111
001010110
001000110
001000111
001000011
001000010
101000010
101000011
101000111
101000110
101010110
101010111
101010011
101010010
100010010
100010011
100010111
100010110
100000110
100000111
100000011
100000010
000001010
000001011
000001111
000001110
000011110
000011111
000011011
000011010
001011010
001011011
001011111
001011110
001001110
001001111
001001011
001001010
101001010
101001011
101001111
101001110
101011110
101011111
101011011
101011010
100011010
100011011
100011111
100011110
100001110
100001111
100001011
100001010
000001000
000001001
000001101
000001100
000011100
000011101
000011001
000011000
001011000
001011001
001011101
001011100
001001100
001001101
001001001
001001000
101001000
101001001
101001101
101001100
101011100
101011101
101011001
101011000
100011000
100011001
100011101
100011100
100001100
100001101
100001001
100001000
000101000
000101001
000101101
000101100
000111100
000111101
000111001
000111000
001111000
001111001
001111101
001111100
001101100
001101101
001101001
001101000
101101000
101101001
101101101
101101100
101111100
101111101
101111001
101111000
100111000
100111001
100111101
100111100
100101100
100101101
100101001
100101000
000101010
000101011
000101111
000101110
000111110
000111111
000111011
000111010
001111010
001111011
001111111
001111110
001101110
001101111
001101011
001101010
101101010
101101011
101101111
101101110
101111110
101111111
101111011
101111010
100111010
100111011
100111111
100111110
100101110
100101111
100101011
100101010
000100010
000100011
000100111
000100110
000110110
000110111
000110011
000110010
001110010
001110011
001110111
001110110
001100110
001100111
001100011
001100010
101100010
101100011
101100111
101100110
101110110
101110111
101110011
101110010
100110010
100110011
100110111
100110110
100100110
100100111
100100011
100100010
000100000
000100001
000100101
000100100
000110100
000110101
000110001
000110000
001110000
001110001
001110101
001110100
001100100
001100101
001100001
001100000
101100000
101100001
101100101
101100100
101110100
101110101
101110001
101110000
100110000
100110001
100110101
100110100
100100100
100100101
100100001
100100000
010100000
010100001
010100101
010100100
010110100
010110101
010110001
010110000
011110000
011110001
011110101
011110100
011100100
011100101
011100001
011100000
111100000
111100001
111100101
111100100
111110100
111110101
111110001
111110000
110110000
110110001
110110101
110110100
110100100
110100101
110100001
110100000
010100010
010100011
010100111
010100110
010110110
010110111
010110011
010110010
011110010
011110011
011110111
011110110
011100110
011100111
011100011
011100010
111100010
111100011
111100111
111100110
111110110
111110111
111110011
111110010
110110010
110110011
110110111
110110110
110100110
110100111
110100011
110100010
010101010
010101011
010101111
010101110
010111110
010111111
010111011
010111010
011111010
011111011
011111111
011111110
011101110
011101111
011101011
011101010
111101010
111101011
111101111
111101110
111111110
111111111
111111011
111111010
110111010
110111011
110111111
110111110
110101110
110101111
110101011
110101010
010101000
010101001
010101101
010101100
010111100
010111101
010111001
010111000
011111000
011111001
011111101
011111100
011101100
011101101
011101001
011101000
111101000
111101001
111101101
111101100
111111100
111111101
111111001
111111000
110111000
110111001
110111101
110111100
110101100
110101101
110101001
110101000
010001000
010001001
010001101
010001100
010011100
010011101
010011001
010011000
011011000
011011001
011011101
011011100
011001100
011001101
011001001
011001000
111001000
111001001
111001101
111001100
111011100
111011101
111011001
111011000
110011000
110011001
110011101
110011100
110001100
110001101
110001001
110001000
010001010
010001011
010001111
010001110
010011110
010011111
010011011
010011010
011011010
011011011
011011111
011011110
011001110
011001111
011001011
011001010
111001010
111001011
111001111
111001110
111011110
111011111
111011011
111011010
110011010
110011011
110011111
110011110
110001110
110001111
110001011
110001010
010000010
010000011
010000111
010000110
010010110
010010111
010010011
010010010
011010010
011010011
011010111
011010110
011000110
011000111
011000011
011000010
111000010
111000011
111000111
111000110
111010110
111010111
111010011
111010010
110010010
110010011
110010111
110010110
110000110
110000111
110000011
110000010
010000000
010000001
010000101
010000100
010010100
010010101
010010001
010010000
011010000
011010001
011010101
011010100
011000100
011000101
011000001
011000000
111000000
111000001
111000101
111000100
111010100
111010101
111010001
111010000
110010000
110010001
110010101
110010100
110000100
110000101
110000001
110000000